 up  : 33.971588
 DOWN: 33.991873

 left: -117.930436
right: -117.974469